[Variables]
nozzle_expansion_applied_offset = 0.04349999999957248
nozzle_expansion_coefficient = 0.036249999999643734

